Energy	ln(density of states)
-1536	0.693147	512.000000
-1532	-33244.590331	0.000000
-1528	-33244.590331	0.000000
-1524	6.934541	510.000000
-1520	-33244.590331	0.000000
-1516	8.081728	508.000000
-1512	12.421434	508.000000
-1508	9.722047	506.000000
-1504	14.336534	505.992970
-1500	17.561006	505.990973
-1496	16.107072	503.980234
-1492	19.718996	503.988529
-1488	22.414308	503.974842
-1484	21.804857	501.953465
-1480	24.835496	501.971193
-1476	26.918306	501.913880
-1472	27.023912	499.954762
-1468	29.623415	499.936646
-1464	31.411073	499.795838
-1460	31.926774	497.937766
-1456	34.193361	497.874024
-1452	35.727571	497.563799
-1448	36.617738	495.870014
-1444	38.602861	495.770337
-1440	39.953798	495.232086
-1436	41.070467	493.810102
-1432	42.860963	493.579616
-1428	44.149599	492.871351
-1424	45.439119	491.679737
-1420	47.026826	491.332980
-1416	48.292985	490.478095
-1412	49.676347	489.480441
-1408	51.115236	489.016155
-1404	52.419908	488.131691
-1400	53.765138	487.245984
-1396	55.160966	486.642576
-1392	56.394411	485.762199
-1388	57.773820	484.957749
-1384	59.077959	484.244048
-1380	60.389390	483.433642
-1376	61.711092	482.601336
-1372	62.998308	481.863316
-1368	64.283113	481.033716
-1364	65.581361	480.253866
-1360	66.884569	479.490913
-1356	68.140657	478.618778
-1352	69.434007	477.863346
-1348	70.682527	477.044141
-1344	71.980455	476.189203
-1340	73.218416	475.445267
-1336	74.466493	474.613024
-1332	75.671846	473.735602
-1328	76.926851	472.914041
-1324	78.173738	472.106239
-1320	79.361787	471.263696
-1316	80.628511	470.438696
-1312	81.831422	469.608313
-1308	83.041978	468.742865
-1304	84.256441	467.986004
-1300	85.464952	467.102266
-1296	86.673494	466.251084
-1292	87.869096	465.451547
-1288	89.050584	464.560139
-1284	90.243928	463.689180
-1280	91.415330	462.846789
-1276	92.587053	461.936102
-1272	93.757371	461.109049
-1268	94.927354	460.246738
-1264	96.113893	459.380701
-1260	97.242326	458.490854
-1256	98.398317	457.602176
-1252	99.566423	456.722142
-1248	100.724763	455.887645
-1244	101.882143	454.996147
-1240	103.021287	453.985286
-1236	104.164323	453.231848
-1232	105.319337	452.256539
-1228	106.467454	451.336770
-1224	107.577074	450.508161
-1220	108.732164	449.553994
-1216	109.863512	448.626933
-1212	110.987611	447.687273
-1208	112.105363	446.776878
-1204	113.219118	445.815179
-1200	114.344560	444.935541
-1196	115.454469	444.000326
-1192	116.549119	443.020897
-1188	117.670747	442.073702
-1184	118.777513	441.175046
-1180	119.847154	440.194696
-1176	120.947557	439.267817
-1172	122.048723	438.347803
-1168	123.142732	437.317315
-1164	124.225084	436.413845
-1160	125.320543	435.439926
-1156	126.404649	434.466528
-1152	127.493715	433.512635
-1148	128.575990	432.556163
-1144	129.636598	431.499561
-1140	130.701570	430.563297
-1136	131.776521	429.609235
-1132	132.837755	428.621613
-1128	133.912599	427.597788
-1124	134.983690	426.541476
-1120	136.037004	425.583885
-1116	137.099702	424.602034
-1112	138.148485	423.598033
-1108	139.203264	422.599479
-1104	140.276201	421.411271
-1100	141.304872	420.472070
-1096	142.373811	419.448677
-1092	143.408159	418.444853
-1088	144.444078	417.395848
-1084	145.494157	416.292807
-1080	146.527910	415.271333
-1076	147.587617	414.178579
-1072	148.615816	413.096263
-1068	149.655290	412.060536
-1064	150.709276	410.931091
-1060	151.724428	409.778770
-1056	152.760759	408.736602
-1052	153.780321	407.641158
-1048	154.809862	406.590825
-1044	155.832704	405.456471
-1040	156.858766	404.369475
-1036	157.856416	403.291951
-1032	158.878648	402.211927
-1028	159.889131	401.043872
-1024	160.890825	400.022682
-1020	161.917146	398.906139
-1016	162.916322	397.622292
-1012	163.936769	396.590856
-1008	164.951845	395.417150
-1004	165.960359	394.313344
-1000	166.963579	393.063285
-996	167.979158	392.090424
-992	168.942522	390.905772
-988	169.967424	389.664125
-984	170.970567	388.503176
-980	171.947847	387.288189
-976	172.962236	386.269863
-972	173.949617	384.949599
-968	174.947664	383.736915
-964	175.908342	382.479470
-960	176.912660	381.228903
-956	177.899354	380.057666
-952	178.882997	378.889573
-948	179.872224	377.645462
-944	180.855608	376.497832
-940	181.830247	375.163112
-936	182.825532	373.850353
-932	183.803133	372.628662
-928	184.779741	371.459940
-924	185.762392	370.125480
-920	186.737306	368.889188
-916	187.712083	367.597718
-912	188.692003	366.239882
-908	189.660570	365.104257
-904	190.644441	363.668525
-900	191.616823	362.439534
-896	192.571870	360.977511
-892	193.544237	359.687759
-888	194.517931	358.392336
-884	195.479417	357.090457
-880	196.433687	355.727660
-876	197.414537	354.312726
-872	198.378038	353.030127
-868	199.330949	351.542079
-864	200.293382	350.208229
-860	201.254182	348.765007
-856	202.198915	347.251266
-852	203.165193	346.003118
-848	204.120195	344.533805
-844	205.066072	343.061060
-840	206.020586	341.565290
-836	206.960893	340.210097
-832	207.915620	338.698648
-828	208.860338	337.296689
-824	209.802873	335.872182
-820	210.748140	334.348932
-816	211.715852	332.740660
-812	212.638124	331.314143
-808	213.584489	329.736950
-804	214.514253	328.222964
-800	215.447725	326.568149
-796	216.387697	324.952242
-792	217.313509	323.278862
-788	218.247697	321.614942
-784	219.163240	320.218865
-780	220.113374	318.436025
-776	221.031694	316.915800
-772	221.971544	315.340205
-768	222.897233	313.755188
-764	223.847902	312.181186
-760	224.759874	310.437653
-756	225.688936	308.706003
-752	226.622301	307.027728
-748	227.542573	305.295102
-744	228.476640	303.443149
-740	229.400056	301.863517
-736	230.328065	300.034836
-732	231.242189	298.129622
-728	232.161699	296.382222
-724	233.080019	294.819101
-720	234.000658	293.084586
-716	234.915040	291.099625
-712	235.843172	289.172654
-708	236.768556	287.475462
-704	237.673891	285.590855
-700	238.584779	283.834478
-696	239.495973	281.824177
-692	240.413438	279.992118
-688	241.310075	277.784121
-684	242.214738	275.920126
-680	243.135972	273.865316
-676	244.032976	271.777194
-672	244.927827	269.739199
-668	245.846757	267.782632
-664	246.758729	265.790408
-660	247.670763	263.906713
-656	248.584230	261.667783
-652	249.491334	259.678702
-648	250.397157	257.215949
-644	251.309358	255.029096
-640	252.192033	252.632117
-636	253.101823	250.375797
-632	254.000108	248.070389
-628	254.903886	245.582493
-624	255.806886	242.915390
-620	256.710496	240.652794
-616	257.604234	238.209137
-612	258.510530	236.115963
-608	259.409532	233.250225
-604	260.304735	230.629708
-600	261.203889	227.730384
-596	262.097291	225.057369
-592	262.979738	222.209747
-588	263.880540	219.536896
-584	264.783617	216.538920
-580	265.671998	213.110651
-576	266.561357	209.779640
-572	267.456911	206.464343
-568	268.341020	202.355629
-564	269.249773	199.167401
-560	270.133043	195.620795
-556	271.037157	192.139045
-552	271.922517	188.471624
-548	272.824052	185.679392
-544	273.705842	181.935394
-540	274.606248	178.555961
-536	275.497911	175.054522
-532	276.387880	170.580627
-528	277.276613	167.005147
-524	278.169160	163.844077
-520	279.073061	159.579798
-516	279.967912	156.149833
-512	280.870668	153.445047
-508	281.752367	149.704035
-504	282.638490	145.869563
-500	283.516222	142.547578
-496	284.395845	139.270264
-492	285.278474	134.706707
-488	286.165590	131.726289
-484	287.051530	128.454861
-480	287.924150	125.483079
-476	288.801683	122.128227
-472	289.673311	118.592639
-468	290.540788	115.728365
-464	291.408800	112.369273
-460	292.268877	109.862948
-456	293.134294	106.790541
-452	294.007585	104.683066
-448	294.879350	101.392391
-444	295.743867	98.154858
-440	296.595354	95.667995
-436	297.447465	93.030496
-432	298.297990	90.108133
-428	299.137544	88.242413
-424	299.981752	85.605123
-420	300.822404	83.430243
-416	301.656770	80.606044
-412	302.491045	79.282983
-408	303.326585	77.576574
-404	304.153474	75.030355
-400	304.986909	73.406665
-396	305.815156	71.766776
-392	306.622941	70.073592
-388	307.427904	68.262887
-384	308.235841	66.374909
-380	309.032045	64.883173
-376	309.822114	63.544617
-372	310.611131	61.978235
-368	311.396303	60.859610
-364	312.186998	59.490080
-360	312.966936	58.382695
-356	313.752794	56.939259
-352	314.518526	55.524749
-348	315.275255	54.662404
-344	316.041368	53.474598
-340	316.783067	52.552395
-336	317.526155	51.393481
-332	318.259813	50.102080
-328	318.995897	49.068710
-324	319.726106	48.270760
-320	320.445238	47.494512
-316	321.160661	46.237496
-312	321.862047	45.354251
-308	322.572221	44.545938
-304	323.271043	43.392835
-300	323.954896	43.005185
-296	324.640321	42.402749
-292	325.312471	41.658199
-288	325.978242	40.976666
-284	326.644334	40.622549
-280	327.313005	39.748109
-276	327.963350	39.332299
-272	328.609071	38.726685
-268	329.232545	38.432970
-264	329.860368	37.583076
-260	330.483675	36.975143
-256	331.091722	36.331729
-252	331.693666	35.477774
-248	332.288087	34.974741
-244	332.873827	34.472581
-240	333.455492	33.795245
-236	334.045534	33.464355
-232	334.602647	32.978490
-228	335.168291	32.475275
-224	335.720918	31.983763
-220	336.256624	31.407257
-216	336.790056	31.079698
-212	337.309450	30.592242
-208	337.831804	30.165064
-204	338.333711	29.632084
-200	338.830385	29.315350
-196	339.320238	29.066019
-192	339.799516	28.729928
-188	340.269472	28.343580
-184	340.723649	28.039998
-180	341.178209	27.638632
-176	341.620531	27.320625
-172	342.048967	26.833054
-168	342.482774	26.685501
-164	342.911195	26.443395
-160	343.314699	26.237774
-156	343.711381	25.876626
-152	344.093156	25.613972
-148	344.481706	25.582105
-144	344.845170	25.223712
-140	345.214204	24.927195
-136	345.559358	24.622457
-132	345.898424	24.522372
-128	346.236574	24.181080
-124	346.562486	24.016526
-120	346.878587	23.845618
-116	347.185014	23.509943
-112	347.477251	23.206509
-108	347.766481	22.942696
-104	348.042161	22.789509
-100	348.296739	22.578085
-96	348.546007	22.295094
-92	348.798097	22.118965
-88	349.025056	21.794807
-84	349.242448	21.657989
-80	349.455995	21.448747
-76	349.651842	21.366357
-72	349.845888	21.147021
-68	350.034166	20.838755
-64	350.205507	20.597026
-60	350.365556	20.323663
-56	350.522157	20.048350
-52	350.659364	19.824658
-48	350.788118	19.577117
-44	350.916353	19.457825
-40	351.021608	19.441789
-36	351.116014	19.312381
-32	351.197725	19.162824
-28	351.288759	18.974873
-24	351.362871	18.821373
-20	351.425600	18.671914
-16	351.476182	18.510395
-12	351.508943	18.306826
-8	351.529848	18.203255
-4	351.542665	18.012876
0	351.551515	17.943260
4	351.546648	17.745876
8	351.527650	17.621288
12	351.505464	17.347947
16	351.472490	17.284118
20	351.422456	17.030093
24	351.361665	16.975457
28	351.296861	16.906451
32	351.227571	16.761280
36	351.142702	16.632061
40	351.042619	16.435489
44	350.941820	16.349684
48	350.811143	16.244966
52	350.676439	16.085279
56	350.525819	16.052077
60	350.373933	15.990833
64	350.199220	15.927338
68	350.026781	15.807868
72	349.844026	15.719372
76	349.650499	15.559932
80	349.439729	15.500412
84	349.236192	15.368346
88	349.020830	15.364474
92	348.783815	15.252896
96	348.551103	15.144220
100	348.294786	15.106218
104	348.037843	15.069346
108	347.757509	14.923076
112	347.476640	14.762190
116	347.191850	14.722932
120	346.883226	14.563926
124	346.564912	14.450765
128	346.241701	14.420487
132	345.919725	14.345280
136	345.576066	14.344102
140	345.236986	14.209281
144	344.866838	14.152338
148	344.482637	14.016053
152	344.107225	13.902289
156	343.715379	13.753920
160	343.327348	13.669909
164	342.922349	13.641322
168	342.496965	13.613257
172	342.067506	13.573506
176	341.637071	13.557085
180	341.187654	13.503453
184	340.741991	13.455266
188	340.275468	13.397859
192	339.815156	13.298105
196	339.334856	13.248750
200	338.834779	13.111376
204	338.333452	13.008498
208	337.829454	13.035348
212	337.311815	12.930571
216	336.787614	12.962384
220	336.250200	12.806554
224	335.709566	12.809461
228	335.162324	12.768996
232	334.615388	12.720944
236	334.042879	12.722353
240	333.462495	12.691807
244	332.878145	12.654599
248	332.284959	12.640170
252	331.693895	12.492564
256	331.089723	12.434451
260	330.476259	12.393874
264	329.863359	12.374601
268	329.232576	12.298982
272	328.597642	12.239869
276	327.953996	12.230655
280	327.296510	12.171627
284	326.636522	12.106021
288	325.976778	12.082804
292	325.323732	12.017436
296	324.644792	11.971677
300	323.963518	11.948288
304	323.271455	11.964694
308	322.584993	11.823958
312	321.882051	11.839320
316	321.169786	11.772973
320	320.447908	11.713582
324	319.740022	11.715756
328	319.023042	11.627318
332	318.283571	11.606569
336	317.537294	11.490857
340	316.784700	11.494039
344	316.030290	11.464218
348	315.285310	11.408142
352	314.509141	11.393074
356	313.754686	11.363327
360	312.976091	11.362355
364	312.188951	11.257060
368	311.412553	11.158875
372	310.628099	11.142323
376	309.839723	11.066425
380	309.042070	11.123186
384	308.245134	11.147345
388	307.430498	11.132610
392	306.631059	11.150781
396	305.812562	11.113740
400	304.984270	11.114287
404	304.159181	11.048884
408	303.327730	10.987231
412	302.492540	10.976570
416	301.665468	10.963554
420	300.821550	10.928699
424	299.976579	10.802062
428	299.118623	10.845187
432	298.255250	10.737303
436	297.388750	10.755579
440	296.529649	10.860036
444	295.656160	10.801374
448	294.779253	10.787666
452	293.901903	10.674185
456	293.025438	10.773997
460	292.127748	10.754231
464	291.239961	10.686071
468	290.350450	10.641773
472	289.456987	10.703881
476	288.562532	10.643093
480	287.664888	10.588618
484	286.771776	10.637819
488	285.893098	10.500261
492	284.987764	10.471071
496	284.076738	10.442173
500	283.166811	10.413276
504	282.244401	10.312804
508	281.317033	10.288587
512	280.385713	10.326814
516	279.474275	10.328107
520	278.552110	10.376286
524	277.608446	10.300323
528	276.683443	10.345063
532	275.745866	10.376886
536	274.809343	10.359347
540	273.864671	10.283421
544	272.924470	10.299101
548	271.973848	10.291076
552	271.031084	10.288156
556	270.089815	10.277001
560	269.124544	10.250319
564	268.173387	10.201329
568	267.215883	10.027495
572	266.260179	9.891422
576	265.291337	9.959468
580	264.338411	10.028145
584	263.363496	10.047988
588	262.395235	10.061528
592	261.419832	10.027217
596	260.452669	9.949042
600	259.483949	9.882121
604	258.479600	9.905144
608	257.492128	9.921930
612	256.503160	9.865450
616	255.520082	9.851954
620	254.528413	9.737220
624	253.575029	9.780776
628	252.591691	9.752361
632	251.590822	9.738234
636	250.599626	9.722101
640	249.627000	9.723696
644	248.622148	9.704845
648	247.615007	9.573893
652	246.645524	9.548159
656	245.636552	9.492541
660	244.643953	9.426630
664	243.622194	9.422308
668	242.630525	9.441669
672	241.603380	9.437558
676	240.581132	9.325167
680	239.569658	9.285002
684	238.542528	9.258348
688	237.518205	9.273126
692	236.490770	9.377960
696	235.468629	9.339679
700	234.445085	9.331510
704	233.430070	9.441302
708	232.400377	9.355265
712	231.364931	9.343506
716	230.329591	9.252188
720	229.286500	9.333235
724	228.235704	9.224460
728	227.192888	9.198043
732	226.150529	9.137316
736	225.094743	9.100131
740	224.058519	9.029996
744	223.007295	9.054889
748	221.940126	9.053377
752	220.881334	8.980486
756	219.811082	8.937114
760	218.763536	8.973504
764	217.694795	8.886145
768	216.625246	8.841046
772	215.546587	8.835798
776	214.472337	8.813456
780	213.403596	8.833411
784	212.314958	8.830869
788	211.242219	8.816416
792	210.163362	8.803798
796	209.087907	8.665193
800	208.003038	8.689426
804	206.899354	8.592519
808	205.802721	8.633532
812	204.706911	8.657472
816	203.603563	8.634958
820	202.503160	8.660258
824	201.398027	8.578096
828	200.285463	8.525697
832	199.193696	8.543069
836	198.068391	8.538304
840	196.952730	8.501738
844	195.838518	8.440330
848	194.718111	8.400330
852	193.584093	8.365235
856	192.468996	8.351157
860	191.340822	8.282593
864	190.213686	8.246282
868	189.074358	8.307504
872	187.939714	8.215948
876	186.804948	8.125437
880	185.657838	8.140748
884	184.531038	8.069222
888	183.376237	8.145781
892	182.229021	8.090701
896	181.077577	8.162463
900	179.935777	8.076976
904	178.787950	8.003487
908	177.611040	7.991344
912	176.463106	7.948623
916	175.312547	7.871350
920	174.130876	7.842983
924	172.945451	7.805188
928	171.787157	7.784678
932	170.604631	7.737647
936	169.411592	7.763078
940	168.240358	7.665223
944	167.006258	7.641765
948	165.830431	7.696874
952	164.615983	7.724526
956	163.378389	7.617417
960	162.153688	7.612935
964	160.936159	7.640197
968	159.696794	7.557920
972	158.483873	7.454461
976	157.263017	7.484346
980	156.015001	7.485579
984	154.768205	7.325846
988	153.529390	7.390468
992	152.263032	7.362871
996	151.016588	7.296921
1000	149.761705	7.348769
1004	148.491838	7.250627
1008	147.205003	7.290778
1012	145.943544	7.247797
1016	144.663911	7.278818
1020	143.377748	7.232354
1024	142.080934	7.166156
1028	140.766298	7.202905
1032	139.452501	7.018727
1036	138.141878	7.075564
1040	136.832933	7.034370
1044	135.518053	7.083708
1048	134.180131	6.960432
1052	132.843278	6.949071
1056	131.491579	6.852838
1060	130.160097	6.736805
1064	128.796556	6.706717
1068	127.446809	6.733174
1072	126.067201	6.641407
1076	124.694536	6.531450
1080	123.332323	6.470880
1084	121.923067	6.434781
1088	120.507432	6.328514
1092	119.093248	6.468516
1096	117.644365	6.363685
1100	116.194383	6.278734
1104	114.767122	6.283313
1108	113.295824	6.277780
1112	111.837083	6.237875
1116	110.386842	6.127685
1120	108.916582	6.010751
1124	107.438386	5.994580
1128	105.931444	5.940198
1132	104.427125	5.908240
1136	102.887407	5.867551
1140	101.377183	5.903420
1144	99.821886	5.898125
1148	98.261858	5.734098
1152	96.693773	5.749496
1156	95.088350	5.666663
1160	93.499635	5.435427
1164	91.879060	5.354460
1168	90.223268	5.375538
1172	88.571611	5.354797
1176	86.907487	5.249085
1180	85.233385	5.232578
1184	83.503038	5.234476
1188	81.797105	5.207659
1192	80.032564	5.063594
1196	78.231172	4.954737
1200	76.444795	4.911743
1204	74.604127	4.832806
1208	72.754152	4.726527
1212	70.898759	4.577303
1216	68.985109	4.540952
1220	67.013780	4.400853
1224	65.015611	4.456711
1228	62.977479	4.343261
1232	60.856431	4.242222
1236	58.716218	4.174199
1240	56.523714	4.015938
1244	54.313661	3.790134
1248	51.934953	3.786606
1252	49.500246	3.618988
1256	47.027391	3.466217
1260	44.385774	3.435253
1264	41.660493	3.231734
1268	38.723390	3.042315
1272	35.636430	2.881229
1276	32.333772	2.662775
1280	28.640443	2.339675
1284	24.853883	1.958777
1288	20.525743	1.685725
1292	15.731569	1.133196
1296	10.319902	0.000000
1300	-33244.590331	0.000000
1304	-33244.590331	0.000000
1308	-33244.590331	0.000000
1312	-33244.590331	0.000000
1316	-33244.590331	0.000000
1320	-33244.590331	0.000000
1324	-33244.590331	0.000000
1328	-33244.590331	0.000000
1332	-33244.590331	0.000000
1336	-33244.590331	0.000000
1340	-33244.590331	0.000000
1344	-33244.590331	0.000000
1348	-33244.590331	0.000000
1352	-33244.590331	0.000000
1356	-33244.590331	0.000000
1360	-33244.590331	0.000000
1364	-33244.590331	0.000000
1368	-33244.590331	0.000000
1372	-33244.590331	0.000000
1376	-33244.590331	0.000000
1380	-33244.590331	0.000000
1384	-33244.590331	0.000000
1388	-33244.590331	0.000000
1392	-33244.590331	0.000000
1396	-33244.590331	0.000000
1400	-33244.590331	0.000000
1404	-33244.590331	0.000000
1408	-33244.590331	0.000000
1412	-33244.590331	0.000000
1416	-33244.590331	0.000000
1420	-33244.590331	0.000000
1424	-33244.590331	0.000000
1428	-33244.590331	0.000000
1432	-33244.590331	0.000000
1436	-33244.590331	0.000000
1440	-33244.590331	0.000000
1444	-33244.590331	0.000000
1448	-33244.590331	0.000000
1452	-33244.590331	0.000000
1456	-33244.590331	0.000000
1460	-33244.590331	0.000000
1464	-33244.590331	0.000000
1468	-33244.590331	0.000000
1472	-33244.590331	0.000000
1476	-33244.590331	0.000000
1480	-33244.590331	0.000000
1484	-33244.590331	0.000000
1488	-33244.590331	0.000000
1492	-33244.590331	0.000000
1496	-33244.590331	0.000000
1500	-33244.590331	0.000000
1504	-33244.590331	0.000000
1508	-33244.590331	0.000000
1512	-33244.590331	0.000000
1516	-33244.590331	0.000000
1520	-33244.590331	0.000000
1524	-33244.590331	0.000000
1528	-33244.590331	0.000000
1532	-33244.590331	0.000000
1536	-33244.590331	0.000000
