Energy	ln(density of states)
-2048	0.693147	1024.000000
-2044	-48692.868895	0.000000
-2040	7.668581	1022.000000
-2036	8.400407	1020.000000
-2032	13.993547	1019.947592
-2028	15.329271	1017.942294
-2024	19.916612	1017.875274
-2020	21.680864	1015.933527
-2016	25.518312	1015.729701
-2012	27.607515	1013.792185
-2008	30.952165	1013.520073
-2004	33.171724	1011.631314
-2000	36.258668	1011.181931
-1996	38.532289	1009.400694
-1992	41.408006	1008.788741
-1988	43.668840	1007.194763
-1984	46.397584	1006.446224
-1980	48.759065	1004.860507
-1976	51.367799	1003.966581
-1972	53.770067	1002.461131
-1968	56.251420	1001.474389
-1964	58.641344	999.993115
-1960	61.077577	998.902350
-1956	63.424562	997.606244
-1952	65.760057	996.473875
-1948	68.145250	995.180227
-1944	70.427980	993.798288
-1940	72.755434	992.386737
-1936	75.103120	991.066755
-1932	77.372545	989.852131
-1928	79.660600	988.510670
-1924	81.952531	986.999932
-1920	84.231660	985.682973
-1916	86.453264	984.341929
-1912	88.693391	983.052235
-1908	90.908845	981.559179
-1904	93.146654	980.264236
-1900	95.379701	978.817707
-1896	97.558549	977.475189
-1892	99.746873	976.027145
-1888	101.927583	974.465157
-1884	104.072130	973.210684
-1880	106.232408	971.743146
-1876	108.383256	970.258282
-1872	110.505617	968.873787
-1868	112.657274	967.476384
-1864	114.766527	965.855570
-1860	116.893693	964.391670
-1856	118.975267	962.823024
-1852	121.082521	961.313560
-1848	123.161943	959.807323
-1844	125.263139	958.398925
-1840	127.359407	956.902518
-1836	129.397554	955.414322
-1832	131.458208	953.851408
-1828	133.507448	952.357668
-1824	135.552461	950.568280
-1820	137.635896	948.955854
-1816	139.634309	947.683544
-1812	141.676042	945.811147
-1808	143.703035	944.230827
-1804	145.697786	942.568897
-1800	147.696748	940.722632
-1796	149.724428	939.145004
-1792	151.689317	937.349306
-1788	153.696916	935.478383
-1784	155.670625	933.930150
-1780	157.633150	931.952444
-1776	159.633958	930.227580
-1772	161.603975	928.351829
-1768	163.568239	926.607126
-1764	165.538835	924.885466
-1760	167.484788	922.907664
-1756	169.445619	920.672692
-1752	171.427446	918.582389
-1748	173.350999	917.095357
-1744	175.309297	915.004986
-1740	177.233903	913.025250
-1736	179.184816	911.284924
-1732	181.105196	909.120597
-1728	183.023820	907.231436
-1724	184.956254	905.119821
-1720	186.886751	902.755712
-1716	188.793733	900.730085
-1712	190.684694	899.038655
-1708	192.607408	896.603027
-1704	194.491685	894.924924
-1700	196.370866	892.942164
-1696	198.261903	890.654696
-1692	200.143938	888.676619
-1688	202.054384	886.476233
-1684	203.931062	883.811004
-1680	205.824815	881.765726
-1676	207.707750	879.280028
-1672	209.599504	877.339292
-1668	211.473054	874.790303
-1664	213.340013	872.864785
-1660	215.194810	870.141986
-1656	217.072038	867.481228
-1652	218.914339	865.413296
-1648	220.764223	861.971063
-1644	222.596391	859.463778
-1640	224.469255	856.414683
-1636	226.297899	854.060062
-1632	228.121873	851.455649
-1628	229.972627	848.824362
-1624	231.786012	845.929894
-1620	233.631761	843.684291
-1616	235.456346	840.077329
-1612	237.292543	837.177156
-1608	239.123857	834.138499
-1604	240.967470	830.929369
-1600	242.782136	828.197475
-1596	244.625230	825.853916
-1592	246.421373	821.673858
-1588	248.235628	819.327094
-1584	250.034608	816.196858
-1580	251.856966	812.749099
-1576	253.653108	809.055078
-1572	255.467683	805.579716
-1568	257.281023	802.575588
-1564	259.079683	798.609290
-1560	260.897203	794.000246
-1556	262.654970	790.875746
-1552	264.442781	788.398060
-1548	266.211900	785.406411
-1544	267.986101	782.183471
-1540	269.781679	777.919381
-1536	271.552812	773.638200
-1532	273.358690	768.816956
-1528	275.125688	765.759544
-1524	276.893388	761.127255
-1520	278.688600	757.537918
-1516	280.468034	752.664717
-1512	282.232011	748.793302
-1508	284.024492	744.743542
-1504	285.795106	741.066050
-1500	287.573595	735.614923
-1496	289.341753	730.028947
-1492	291.120088	725.654098
-1488	292.849824	719.996633
-1484	294.658098	714.313739
-1480	296.411027	710.799025
-1476	298.176973	707.861240
-1472	299.929948	701.928495
-1468	301.690706	696.152535
-1464	303.432756	690.846629
-1460	305.175676	685.882862
-1456	306.921846	679.323467
-1452	308.654466	676.543289
-1448	310.419923	668.447017
-1444	312.139940	663.797856
-1440	313.891420	657.761572
-1436	315.645692	651.816471
-1432	317.383867	644.879260
-1428	319.117494	636.422564
-1424	320.861055	631.236196
-1420	322.592042	624.271317
-1416	324.318727	617.364473
-1412	326.043184	612.110187
-1408	327.776308	603.558370
-1404	329.496614	601.980813
-1400	331.241411	593.218723
-1396	332.955614	584.942793
-1392	334.683961	576.975756
-1388	336.402071	572.019925
-1384	338.121553	562.618140
-1380	339.841203	556.021258
-1376	341.563676	547.965209
-1372	343.274461	537.486137
-1368	344.995393	528.322921
-1364	346.735246	522.938539
-1360	348.436372	516.288257
-1356	350.166551	511.049007
-1352	351.864992	502.787459
-1348	353.600954	497.244669
-1344	355.329164	487.425537
-1340	357.019548	478.851161
-1336	358.742311	472.130353
-1332	360.461473	465.746880
-1328	362.180299	455.281981
-1324	363.887941	448.705913
-1320	365.600130	441.800344
-1316	367.307832	432.159767
-1312	369.009447	427.753116
-1308	370.688661	420.207403
-1304	372.388780	412.328957
-1300	374.092042	399.291092
-1296	375.792680	389.491421
-1292	377.481203	384.992509
-1288	379.177858	379.807130
-1284	380.861681	370.895686
-1280	382.555406	365.311344
-1276	384.239671	357.660604
-1272	385.919130	351.754453
-1268	387.623262	341.575676
-1264	389.304811	332.700315
-1260	391.000322	327.179161
-1256	392.678194	316.395518
-1252	394.356996	315.026869
-1248	396.020433	306.200248
-1244	397.707963	298.465353
-1240	399.391054	290.839722
-1236	401.057008	286.969898
-1232	402.698640	281.399369
-1228	404.376894	275.870071
-1224	406.025529	270.745165
-1220	407.708498	265.906788
-1216	409.346910	259.067922
-1212	410.981859	255.483851
-1208	412.644044	246.882728
-1204	414.289186	246.785834
-1200	415.947404	245.536897
-1196	417.595781	240.267454
-1192	419.224763	238.758194
-1188	420.881273	233.145365
-1184	422.510332	229.950881
-1180	424.161165	227.678300
-1176	425.808382	224.276311
-1172	427.424776	221.804041
-1168	429.049547	215.286192
-1164	430.694093	209.224502
-1160	432.327013	204.824405
-1156	433.958070	198.803041
-1152	435.606111	198.730682
-1148	437.203996	194.656616
-1144	438.820909	192.145922
-1140	440.436296	190.275833
-1136	442.045900	186.137587
-1132	443.663225	183.734123
-1128	445.273180	180.412300
-1124	446.866426	176.820419
-1120	448.454454	176.587112
-1116	450.025239	174.480929
-1112	451.644044	169.952773
-1108	453.230058	168.704928
-1104	454.823549	165.470077
-1100	456.409715	164.071476
-1096	457.993700	161.576131
-1092	459.558671	160.382446
-1088	461.131456	156.129855
-1084	462.703874	153.605956
-1080	464.278825	151.503678
-1076	465.841157	150.314261
-1072	467.406785	149.276182
-1068	468.955308	147.519821
-1064	470.507570	144.822056
-1060	472.052461	143.730738
-1056	473.598344	142.072278
-1052	475.140687	141.769720
-1048	476.684068	140.548690
-1044	478.212572	139.303387
-1040	479.747636	137.106710
-1036	481.281190	134.160778
-1032	482.818040	133.000675
-1028	484.334627	131.624783
-1024	485.862978	131.540614
-1020	487.382234	129.167933
-1016	488.899187	128.773477
-1012	490.412645	126.327003
-1008	491.890047	124.311982
-1004	493.411912	121.981220
-1000	494.907869	120.061821
-996	496.412279	119.701310
-992	497.899705	118.340342
-988	499.389528	117.023145
-984	500.879365	115.471591
-980	502.355928	114.242656
-976	503.844423	113.468550
-972	505.300188	111.270382
-968	506.783601	110.847270
-964	508.240724	110.171353
-960	509.710786	109.162198
-956	511.167406	108.124307
-952	512.651399	106.640826
-948	514.094759	106.508551
-944	515.544221	105.269192
-940	516.980226	104.928456
-936	518.430559	103.800080
-932	519.855302	103.203317
-928	521.278993	103.319387
-924	522.704637	101.852031
-920	524.127901	100.620166
-916	525.559480	100.854562
-912	526.969759	100.620107
-908	528.381563	100.182783
-904	529.788011	99.756690
-900	531.202669	98.315704
-896	532.577425	96.416288
-892	533.980180	95.620315
-888	535.373415	94.876427
-884	536.756135	94.135514
-880	538.150651	92.817761
-876	539.533571	92.926322
-872	540.905641	90.879239
-868	542.291215	89.727876
-864	543.654481	89.210136
-860	545.012437	88.332590
-856	546.387285	87.801994
-852	547.718095	86.929115
-848	549.065156	85.314880
-844	550.390520	84.269457
-840	551.739473	83.190422
-836	553.082948	82.414731
-832	554.416231	81.808755
-828	555.748933	80.835703
-824	557.073549	79.966655
-820	558.402009	79.915177
-816	559.714128	79.225839
-812	561.013994	79.175036
-808	562.337846	79.457714
-804	563.644548	79.512640
-800	564.946245	77.382176
-796	566.254167	76.370770
-792	567.548112	75.645185
-788	568.824937	75.566048
-784	570.101610	75.520758
-780	571.391206	74.771615
-776	572.660860	74.601070
-772	573.921693	73.660398
-768	575.187623	73.371068
-764	576.429689	72.932963
-760	577.678682	72.951846
-756	578.930330	72.642208
-752	580.159257	71.676699
-748	581.401262	70.742689
-744	582.635713	69.795742
-740	583.868181	69.088686
-736	585.073259	68.608984
-732	586.307512	68.219768
-728	587.518281	67.839803
-724	588.730546	67.065941
-720	589.935075	66.713113
-716	591.131990	66.366639
-712	592.321748	65.847246
-708	593.487947	65.657714
-704	594.672670	64.623109
-700	595.847734	64.528123
-696	597.017122	64.184932
-692	598.195497	63.878638
-688	599.343858	63.212831
-684	600.503267	62.076092
-680	601.659868	61.577902
-676	602.794450	61.252973
-672	603.931520	61.349143
-668	605.057832	60.816956
-664	606.181535	59.845788
-660	607.316545	59.246918
-656	608.435075	59.216904
-652	609.560487	58.721130
-648	610.684251	58.440132
-644	611.763505	58.088102
-640	612.893938	57.786524
-636	613.981187	57.360310
-632	615.067674	57.376283
-628	616.141328	57.176756
-624	617.214006	56.783160
-620	618.295320	56.571805
-616	619.363039	56.271691
-612	620.427263	55.863405
-608	621.484056	55.864768
-604	622.543260	55.094365
-600	623.579942	54.932082
-596	624.610658	54.344890
-592	625.649965	53.815484
-588	626.676210	53.602676
-584	627.694902	52.951065
-580	628.710847	52.388260
-576	629.724763	52.111948
-572	630.716493	52.046923
-568	631.718568	51.727142
-564	632.702989	51.249872
-560	633.694490	51.054598
-556	634.675188	50.972232
-552	635.658388	50.002989
-548	636.646760	49.539046
-544	637.608659	49.314803
-540	638.582368	48.984711
-536	639.536378	48.341648
-532	640.499681	48.337273
-528	641.450426	48.466621
-524	642.388048	48.210040
-520	643.307970	48.373871
-516	644.248292	47.958696
-512	645.171998	47.350211
-508	646.091768	46.763061
-504	647.008607	46.354809
-500	647.897707	46.147009
-496	648.787538	45.879521
-492	649.673830	45.968930
-488	650.557268	45.343809
-484	651.436723	45.043204
-480	652.313753	44.571218
-476	653.188173	44.449305
-472	654.037187	44.194308
-468	654.891160	43.713777
-464	655.736421	43.375143
-460	656.569993	43.284053
-456	657.394914	42.961104
-452	658.226991	42.948026
-448	659.050142	42.893159
-444	659.857790	42.793094
-440	660.662508	42.509003
-436	661.454637	42.906608
-432	662.256319	42.527314
-428	663.030229	42.662192
-424	663.815629	42.455589
-420	664.582582	42.269048
-416	665.352403	42.140867
-412	666.109376	42.015297
-408	666.864198	41.976203
-404	667.610551	41.988181
-400	668.349458	42.198829
-396	669.083742	41.871885
-392	669.815568	41.444842
-388	670.535173	41.243827
-384	671.248552	41.026272
-380	671.953050	40.823605
-376	672.638414	40.742239
-372	673.319490	40.308514
-368	674.007463	40.131193
-364	674.690965	39.838697
-360	675.379014	39.403992
-356	676.067842	39.320770
-352	676.741289	38.940252
-348	677.385591	38.587552
-344	678.035524	38.312472
-340	678.665926	37.882643
-336	679.296968	37.613729
-332	679.927553	37.258338
-328	680.539781	36.827953
-324	681.162065	36.969457
-320	681.764131	36.864287
-316	682.367219	36.804698
-312	682.965806	36.594848
-308	683.557298	36.254746
-304	684.135576	36.251839
-300	684.710145	36.337626
-296	685.277452	35.998309
-292	685.856828	35.669710
-288	686.413042	35.388683
-284	686.962587	35.334891
-280	687.497316	34.951151
-276	688.017747	34.598058
-272	688.539186	34.386691
-268	689.060426	34.371568
-264	689.564195	34.047338
-260	690.070848	34.056808
-256	690.571077	34.029381
-252	691.059465	33.878537
-248	691.531969	33.795062
-244	692.000200	33.506112
-240	692.468782	33.185627
-236	692.913362	32.954633
-232	693.359346	32.665759
-228	693.802064	32.754013
-224	694.230241	32.707887
-220	694.657716	32.647057
-216	695.081621	32.335551
-212	695.488039	32.116678
-208	695.897005	32.066453
-204	696.279405	31.806900
-200	696.658754	31.743750
-196	697.042924	31.546267
-192	697.404237	31.140323
-188	697.762300	30.987829
-184	698.111711	30.929684
-180	698.468034	30.696479
-176	698.812349	30.579439
-172	699.145036	30.200186
-168	699.480028	29.888489
-164	699.794176	29.835511
-160	700.115816	29.810762
-156	700.421709	29.598534
-152	700.725297	29.728837
-148	701.000093	29.722346
-144	701.288652	29.647128
-140	701.573137	29.440571
-136	701.847154	29.529456
-132	702.103410	29.284220
-128	702.359239	29.282491
-124	702.591875	29.291217
-120	702.826112	29.166208
-116	703.056856	29.110184
-112	703.278093	29.083744
-108	703.496522	28.905167
-104	703.703783	28.599667
-100	703.910661	28.496375
-96	704.101778	28.372397
-92	704.289796	28.274476
-88	704.464983	28.099630
-84	704.631868	28.134613
-80	704.796678	27.959705
-76	704.956453	27.677403
-72	705.090639	27.601673
-68	705.228960	27.524449
-64	705.353288	27.520157
-60	705.471620	27.371354
-56	705.580904	27.154827
-52	705.682420	27.201879
-48	705.779344	26.979607
-44	705.870241	26.779326
-40	705.953035	26.660782
-36	706.027254	26.550302
-32	706.093935	26.459108
-28	706.142183	26.332997
-24	706.188966	26.219664
-20	706.228288	26.070863
-16	706.265092	25.917890
-12	706.298128	25.821989
-8	706.312440	25.651612
-4	706.328508	25.416735
0	706.327287	25.206635
4	706.316164	25.025736
8	706.302064	25.038516
12	706.287797	24.920729
16	706.262437	24.759609
20	706.229021	24.855580
24	706.187730	24.716874
28	706.141359	24.672367
32	706.082185	24.629470
36	706.011430	24.483117
40	705.936815	24.468524
44	705.853212	24.385018
48	705.767473	24.356941
52	705.665712	24.202624
56	705.550752	24.130111
60	705.448198	24.033577
64	705.328722	24.010288
68	705.195573	23.937314
72	705.057436	23.890756
76	704.916444	23.877168
80	704.765275	23.745851
84	704.623186	23.576325
88	704.453523	23.492516
92	704.278520	23.335553
96	704.093446	23.178592
100	703.905656	22.965830
104	703.712556	22.833878
108	703.507478	22.769686
112	703.293504	22.729112
116	703.058763	22.546108
120	702.839128	22.347017
124	702.601732	22.302546
128	702.361879	22.345115
132	702.115098	22.388229
136	701.857362	22.188845
140	701.593477	22.143609
144	701.311861	22.202564
148	701.030534	22.106849
152	700.744462	22.001745
156	700.449113	22.033590
160	700.139589	22.045996
164	699.827974	21.918450
168	699.513948	21.749519
172	699.178850	21.622050
176	698.839662	21.751101
180	698.502580	21.738959
184	698.155809	21.646724
188	697.794145	21.467075
192	697.428224	21.483266
196	697.058610	21.470044
200	696.669420	21.337611
204	696.280000	21.082029
208	695.888292	21.139267
212	695.475648	21.173019
216	695.069032	21.118867
220	694.646638	21.106464
224	694.223649	21.117957
228	693.781450	21.008533
232	693.335008	20.910781
236	692.897981	20.865466
240	692.437181	20.822194
244	691.978075	20.667381
248	691.509721	20.614611
252	691.033281	20.515131
256	690.542207	20.382284
260	690.040620	20.187036
264	689.539308	20.189345
268	689.035585	20.160882
272	688.524858	20.235771
276	688.010286	20.002441
280	687.471422	19.930112
284	686.929368	19.949429
288	686.387941	19.887477
292	685.827028	19.776599
296	685.267457	19.812906
300	684.695573	19.826666
304	684.120470	19.714314
308	683.543779	19.633267
312	682.954286	19.498615
316	682.349855	19.531149
320	681.750169	19.475764
324	681.137056	19.509432
328	680.525529	19.453241
332	679.903368	19.470580
336	679.277925	19.416873
340	678.651582	19.258957
344	678.017412	19.260309
348	677.359804	19.227496
352	676.697664	19.258182
356	676.037218	19.351951
360	675.377473	19.267999
364	674.709489	19.183290
368	674.031282	18.937922
372	673.340806	18.759481
376	672.644945	18.747481
380	671.933366	18.741119
384	671.237260	18.738564
388	670.525987	18.859868
392	669.803545	18.792303
396	669.074403	18.719257
400	668.331605	18.656202
404	667.587312	18.532593
408	666.843187	18.575719
412	666.088289	18.482928
416	665.334871	18.370742
420	664.559328	18.233745
424	663.788042	18.162327
428	663.007127	18.154857
432	662.224336	18.245984
436	661.434434	18.056750
440	660.635286	18.101699
444	659.828783	18.055745
448	659.004182	17.967519
452	658.174654	17.959342
456	657.354280	17.968768
460	656.526445	17.880210
464	655.693346	17.915127
468	654.852006	17.714562
472	653.995241	17.707044
476	653.144105	17.655367
480	652.264238	17.660825
484	651.405550	17.653817
488	650.533418	17.439537
492	649.655153	17.345506
496	648.754747	17.509615
500	647.863985	17.366040
504	646.957948	17.328374
508	646.043962	17.251480
512	645.147325	17.320068
516	644.226671	17.218282
520	643.307817	17.162429
524	642.365816	17.016113
528	641.423295	16.978811
532	640.483400	17.040518
536	639.534379	16.931172
540	638.571245	16.879142
544	637.615068	16.856343
548	636.661485	16.943244
552	635.696367	16.921108
556	634.727022	16.851228
560	633.737535	16.804350
564	632.751924	16.720820
568	631.758729	16.689544
572	630.761827	16.639368
576	629.757143	16.627774
580	628.748552	16.774873
584	627.724229	16.663891
588	626.695634	16.634187
592	625.659212	16.603117
596	624.618928	16.491990
600	623.601427	16.456729
604	622.535066	16.431948
608	621.482149	16.445365
612	620.427766	16.308578
616	619.375841	16.360194
620	618.298234	16.296339
624	617.229845	16.149158
628	616.158327	16.081747
632	615.065660	16.161529
636	613.982912	16.242183
640	612.883821	16.177571
644	611.779390	16.335022
648	610.665987	16.279665
652	609.540025	16.068912
656	608.430879	15.888081
660	607.312395	15.863079
664	606.187303	15.711495
668	605.050722	15.583596
672	603.912675	15.328516
676	602.776811	15.356635
680	601.615114	15.462291
684	600.465883	15.306523
688	599.299867	15.470676
692	598.144136	15.535050
696	596.977205	15.479877
700	595.794206	15.510763
704	594.612932	15.509833
708	593.429903	15.573110
712	592.240221	15.493928
716	591.064699	15.487211
720	589.864946	15.319791
724	588.663133	15.236746
728	587.472810	15.095356
732	586.272981	14.978162
736	585.064851	15.012221
740	583.852388	15.154019
744	582.628328	15.032489
748	581.404603	15.082877
752	580.160997	14.978209
756	578.938478	14.976179
760	577.677248	14.873073
764	576.438997	14.982506
768	575.189943	14.956343
772	573.926546	14.807195
776	572.661699	14.757055
780	571.406923	14.614564
784	570.125215	14.630481
788	568.863161	14.450082
792	567.574190	14.511861
796	566.289308	14.530734
800	564.998918	14.454268
804	563.703172	14.449708
808	562.398729	14.355424
812	561.094804	14.413673
816	559.794618	14.382206
820	558.477556	14.372708
824	557.156953	14.262914
828	555.837389	14.090218
832	554.500413	14.149664
836	553.171815	14.202530
840	551.813905	14.259781
844	550.479417	14.115151
848	549.144578	14.006912
852	547.788820	14.086943
856	546.444551	14.049821
860	545.093324	13.910833
864	543.735979	13.745764
868	542.384935	13.765578
872	541.008989	13.813454
876	539.653505	13.884639
880	538.271715	13.878531
884	536.877885	13.829585
888	535.495698	13.853855
892	534.119462	13.827680
896	532.727251	13.770857
900	531.345964	13.942614
904	529.940980	13.925720
908	528.518831	13.845335
912	527.102083	13.851677
916	525.693880	13.791570
920	524.279832	13.673990
924	522.840837	13.813422
928	521.408693	13.721813
932	519.985658	13.804524
936	518.549837	13.826588
940	517.117509	13.776370
944	515.662050	13.798640
948	514.226900	13.754266
952	512.760316	13.621202
956	511.316011	13.492222
960	509.868150	13.624633
964	508.386659	13.512342
968	506.933290	13.434793
972	505.462327	13.361756
976	503.993944	13.391957
980	502.510972	13.459983
984	501.028276	13.498675
988	499.548906	13.465295
992	498.058763	13.329491
996	496.549318	13.252357
1000	495.070863	13.145614
1004	493.575090	13.139909
1008	492.059801	13.046159
1012	490.553346	13.131790
1016	489.044176	13.016252
1020	487.534486	12.917829
1024	486.031511	13.090868
1028	484.519166	13.105695
1032	483.015825	13.032916
1036	481.468492	12.964027
1040	479.944231	12.974508
1044	478.418123	12.868252
1048	476.888933	12.790076
1052	475.350954	12.636086
1056	473.788637	12.642573
1060	472.242906	12.630221
1064	470.690721	12.456506
1068	469.140962	12.536073
1072	467.590730	12.395996
1076	466.024629	12.351412
1080	464.436708	12.346068
1084	462.849580	12.324179
1088	461.266756	12.470172
1092	459.698381	12.298275
1096	458.123476	12.359156
1100	456.562349	12.272769
1104	454.984056	12.335107
1108	453.394365	12.217716
1112	451.796205	12.233113
1116	450.197649	12.236455
1120	448.613115	12.212857
1124	447.030748	11.970624
1128	445.416124	12.010288
1132	443.827882	12.013553
1136	442.218996	12.011266
1140	440.585466	12.061008
1144	438.974748	12.236191
1148	437.347551	12.218884
1152	435.744279	12.019965
1156	434.127031	11.922643
1160	432.489397	11.989945
1164	430.869203	12.081235
1168	429.233659	11.971969
1172	427.601961	12.059932
1176	425.948946	12.051051
1180	424.312715	11.932634
1184	422.682176	11.894943
1188	421.047670	11.887862
1192	419.405488	11.846373
1196	417.741304	11.751670
1200	416.100496	11.712629
1204	414.462038	11.697247
1208	412.794389	11.576033
1212	411.137269	11.378277
1216	409.477922	11.537436
1220	407.846513	11.553569
1224	406.179643	11.536445
1228	404.541795	11.472651
1232	402.846498	11.344320
1236	401.169252	11.592141
1240	399.507570	11.427199
1244	397.794984	11.475041
1248	396.127992	11.466290
1252	394.443285	11.479221
1256	392.765703	11.497929
1260	391.088502	11.511854
1264	389.384096	11.434531
1268	387.695222	11.448625
1272	386.007570	11.367257
1276	384.295656	11.302086
1280	382.583024	11.232581
1284	380.882524	11.288230
1288	379.199022	11.212204
1292	377.476793	11.025592
1296	375.764101	10.904044
1300	374.028398	10.912763
1304	372.283418	10.916169
1308	370.581087	10.882381
1312	368.859987	10.980357
1316	367.120378	11.085198
1320	365.396883	11.025951
1324	363.677049	11.107559
1328	361.942781	10.877895
1332	360.195116	10.967312
1336	358.493837	10.868445
1340	356.766771	10.946178
1344	355.032716	10.866897
1348	353.306886	10.751395
1352	351.571870	10.612758
1356	349.820558	10.625050
1360	348.056444	10.555588
1364	346.335512	10.513298
1368	344.568788	10.495205
1372	342.799638	10.352008
1376	341.016862	10.406225
1380	339.287340	10.314581
1384	337.501680	10.272082
1388	335.771333	10.295806
1392	334.007783	10.247910
1396	332.241716	10.284101
1400	330.483675	10.331331
1404	328.745439	10.307338
1408	326.998674	10.321394
1412	325.241090	10.221944
1416	323.467897	10.240456
1420	321.711183	9.954513
1424	319.920702	9.971805
1428	318.127153	10.033819
1432	316.316057	9.908293
1436	314.537401	9.925356
1440	312.762239	10.009437
1444	310.957887	9.970510
1448	309.144395	10.167319
1452	307.334764	10.006363
1456	305.548097	10.022828
1460	303.744325	10.065380
1464	301.943071	10.060014
1468	300.138429	10.033959
1472	298.295778	9.980596
1476	296.506898	9.865026
1480	294.654542	9.772437
1484	292.859178	9.645226
1488	290.999910	9.627724
1492	289.185686	9.720827
1496	287.357835	9.798492
1500	285.532823	9.691143
1504	283.683656	9.515168
1508	281.878358	9.625303
1512	280.051210	9.460922
1516	278.215044	9.428900
1520	276.379472	9.475982
1524	274.556932	9.380435
1528	272.714052	9.392291
1532	270.882600	9.296196
1536	269.015337	9.207814
1540	267.181322	9.187121
1544	265.341432	8.979165
1548	263.474962	8.898060
1552	261.624101	9.103219
1556	259.756395	9.165495
1560	257.873399	9.030622
1564	256.027559	9.044814
1568	254.185853	9.035082
1572	252.327821	8.919620
1576	250.428239	8.861609
1580	248.550920	8.940232
1584	246.685716	8.864453
1588	244.766160	8.711744
1592	242.848039	8.796039
1596	240.941499	8.768058
1600	239.040163	8.805285
1604	237.109392	8.552900
1608	235.184053	8.670302
1612	233.239992	8.669621
1616	231.324541	8.589209
1620	229.409532	8.653723
1624	227.457124	8.620307
1628	225.514345	8.695524
1632	223.574037	8.637569
1636	221.647523	8.475467
1640	219.694444	8.333620
1644	217.745729	8.296867
1648	215.770601	8.345835
1652	213.799242	8.354254
1656	211.841432	8.519786
1660	209.850465	8.246912
1664	207.884279	8.257552
1668	205.891176	8.239968
1672	203.893739	8.262400
1676	201.927125	8.265905
1680	199.911043	8.113023
1684	197.920686	8.125061
1688	195.909898	8.045638
1692	193.913499	7.957180
1696	191.904954	7.974901
1700	189.886827	7.895990
1704	187.824907	7.748812
1708	185.817461	7.765226
1712	183.785142	7.706041
1716	181.712114	7.638710
1720	179.689668	7.539179
1724	177.645280	7.553258
1728	175.580080	7.604476
1732	173.478319	7.539255
1736	171.386644	7.518260
1740	169.298158	7.375741
1744	167.203783	7.433305
1748	165.137056	7.146494
1752	163.018678	7.208239
1756	160.924119	7.057726
1760	158.791063	6.997931
1764	156.622453	6.994956
1768	154.473848	6.850148
1772	152.330186	6.782695
1776	150.174623	6.666853
1780	147.982759	6.754919
1784	145.796403	6.857507
1788	143.622636	6.776947
1792	141.382463	6.616749
1796	139.219026	6.514511
1800	137.007707	6.671491
1804	134.768587	6.317387
1808	132.512636	6.466243
1812	130.287675	6.349607
1816	128.020753	6.458005
1820	125.732881	6.275054
1824	123.481477	6.183118
1828	121.166551	6.194688
1832	118.869585	6.022158
1836	116.535097	6.023260
1840	114.163484	5.799752
1844	111.822847	5.818899
1848	109.486589	5.705564
1852	107.116716	5.646634
1856	104.694856	5.599085
1860	102.344102	5.569629
1864	99.895860	5.512099
1868	97.474092	5.445830
1872	94.977495	5.557231
1876	92.552766	5.263920
1880	90.029329	5.183392
1884	87.487764	5.077260
1888	84.956895	4.957466
1892	82.370271	4.986726
1896	79.815828	4.572721
1900	77.194993	4.551849
1904	74.533235	4.664049
1908	71.845506	4.637111
1912	69.187364	4.482946
1916	66.358385	4.246442
1920	63.539125	4.305895
1924	60.728929	4.056175
1928	57.881334	3.865856
1932	54.922777	3.795707
1936	51.963518	3.775843
1940	48.855745	3.554777
1944	45.776994	3.316241
1948	-48692.868895	0.000000
1952	-48692.868895	0.000000
1956	-48692.868895	0.000000
1960	-48692.868895	0.000000
1964	-48692.868895	0.000000
1968	-48692.868895	0.000000
1972	-48692.868895	0.000000
1976	-48692.868895	0.000000
1980	-48692.868895	0.000000
1984	-48692.868895	0.000000
1988	-48692.868895	0.000000
1992	-48692.868895	0.000000
1996	-48692.868895	0.000000
2000	-48692.868895	0.000000
2004	-48692.868895	0.000000
2008	-48692.868895	0.000000
2012	-48692.868895	0.000000
2016	-48692.868895	0.000000
2020	-48692.868895	0.000000
2024	-48692.868895	0.000000
2028	-48692.868895	0.000000
2032	-48692.868895	0.000000
2036	-48692.868895	0.000000
2040	-48692.868895	0.000000
2044	-48692.868895	0.000000
2048	-48692.868895	0.000000
