Temp	Magnetization	Heat capacity	Energy
2.000000	0.909292	7.126750E-004	-1.743536
2.002513	0.908416	7.161243E-004	-1.741698
2.005025	0.907532	7.195363E-004	-1.739852
2.007538	0.906640	7.229163E-004	-1.737996
2.010050	0.905740	7.262702E-004	-1.736132
2.012563	0.904832	7.296044E-004	-1.734259
2.015075	0.903916	7.329257E-004	-1.732377
2.017588	0.902992	7.362414E-004	-1.730487
2.020101	0.902059	7.395594E-004	-1.728589
2.022613	0.901118	7.428878E-004	-1.726682
2.025126	0.900169	7.462352E-004	-1.724766
2.027638	0.899211	7.496104E-004	-1.722842
2.030151	0.898244	7.530226E-004	-1.720909
2.032663	0.897268	7.564815E-004	-1.718967
2.035176	0.896283	7.599966E-004	-1.717016
2.037688	0.895288	7.635780E-004	-1.715056
2.040201	0.894284	7.672359E-004	-1.713087
2.042714	0.893270	7.709806E-004	-1.711108
2.045226	0.892246	7.748226E-004	-1.709119
2.047739	0.891212	7.787726E-004	-1.707121
2.050251	0.890167	7.828413E-004	-1.705112
2.052764	0.889110	7.870395E-004	-1.703092
2.055276	0.888043	7.913782E-004	-1.701062
2.057789	0.886964	7.958682E-004	-1.699020
2.060302	0.885872	8.005207E-004	-1.696967
2.062814	0.884768	8.053466E-004	-1.694901
2.065327	0.883650	8.103571E-004	-1.692822
2.067839	0.882519	8.155635E-004	-1.690731
2.070352	0.881374	8.209767E-004	-1.688625
2.072864	0.880214	8.266082E-004	-1.686506
2.075377	0.879039	8.324693E-004	-1.684372
2.077889	0.877848	8.385712E-004	-1.682222
2.080402	0.876641	8.449255E-004	-1.680056
2.082915	0.875416	8.515436E-004	-1.677874
2.085427	0.874173	8.584372E-004	-1.675674
2.087940	0.872912	8.656180E-004	-1.673457
2.090452	0.871631	8.730979E-004	-1.671220
2.092965	0.870329	8.808889E-004	-1.668964
2.095477	0.869006	8.890031E-004	-1.666687
2.097990	0.867661	8.974527E-004	-1.664389
2.100503	0.866293	9.062504E-004	-1.662068
2.103015	0.864900	9.154087E-004	-1.659725
2.105528	0.863482	9.249405E-004	-1.657358
2.108040	0.862037	9.348589E-004	-1.654965
2.110553	0.860565	9.451770E-004	-1.652547
2.113065	0.859063	9.559084E-004	-1.650101
2.115578	0.857531	9.670667E-004	-1.647628
2.118090	0.855967	9.786656E-004	-1.645125
2.120603	0.854370	9.907189E-004	-1.642591
2.123116	0.852738	1.003241E-003	-1.640026
2.125628	0.851068	1.016245E-003	-1.637428
2.128141	0.849361	1.029746E-003	-1.634797
2.130653	0.847613	1.043758E-003	-1.632129
2.133166	0.845822	1.058294E-003	-1.629425
2.135678	0.843987	1.073368E-003	-1.626683
2.138191	0.842106	1.088993E-003	-1.623901
2.140704	0.840175	1.105181E-003	-1.621079
2.143216	0.838193	1.121946E-003	-1.618214
2.145729	0.836157	1.139297E-003	-1.615305
2.148241	0.834064	1.157245E-003	-1.612351
2.150754	0.831911	1.175799E-003	-1.609350
2.153266	0.829696	1.194966E-003	-1.606300
2.155779	0.827415	1.214751E-003	-1.603200
2.158291	0.825064	1.235158E-003	-1.600049
2.160804	0.822642	1.256188E-003	-1.596844
2.163317	0.820143	1.277840E-003	-1.593584
2.165829	0.817564	1.300108E-003	-1.590268
2.168342	0.814901	1.322983E-003	-1.586894
2.170854	0.812151	1.346454E-003	-1.583460
2.173367	0.809308	1.370504E-003	-1.579965
2.175879	0.806369	1.395112E-003	-1.576407
2.178392	0.803330	1.420250E-003	-1.572785
2.180905	0.800185	1.445887E-003	-1.569098
2.183417	0.796930	1.471984E-003	-1.565345
2.185930	0.793561	1.498496E-003	-1.561524
2.188442	0.790073	1.525372E-003	-1.557634
2.190955	0.786460	1.552553E-003	-1.553674
2.193467	0.782720	1.579973E-003	-1.549645
2.195980	0.778845	1.607559E-003	-1.545544
2.198492	0.774833	1.635229E-003	-1.541372
2.201005	0.770679	1.662896E-003	-1.537130
2.203518	0.766378	1.690463E-003	-1.532816
2.206030	0.761927	1.717826E-003	-1.528431
2.208543	0.757322	1.744877E-003	-1.523976
2.211055	0.752560	1.771499E-003	-1.519453
2.213568	0.747637	1.797571E-003	-1.514861
2.216080	0.742551	1.822966E-003	-1.510204
2.218593	0.737301	1.847556E-003	-1.505481
2.221106	0.731884	1.871209E-003	-1.500697
2.223618	0.726300	1.893792E-003	-1.495854
2.226131	0.720549	1.915173E-003	-1.490953
2.228643	0.714632	1.935222E-003	-1.486000
2.231156	0.708550	1.953813E-003	-1.480997
2.233668	0.702304	1.970825E-003	-1.475947
2.236181	0.695899	1.986144E-003	-1.470857
2.238693	0.689337	1.999666E-003	-1.465729
2.241206	0.682624	2.011294E-003	-1.460569
2.243719	0.675766	2.020948E-003	-1.455381
2.246231	0.668767	2.028557E-003	-1.450171
2.248744	0.661636	2.034065E-003	-1.444944
2.251256	0.654381	2.037434E-003	-1.439706
2.253769	0.647010	2.038638E-003	-1.434462
2.256281	0.639532	2.037670E-003	-1.429218
2.258794	0.631958	2.034538E-003	-1.423979
2.261307	0.624297	2.029267E-003	-1.418750
2.263819	0.616561	2.021899E-003	-1.413538
2.266332	0.608761	2.012490E-003	-1.408348
2.268844	0.600909	2.001109E-003	-1.403184
2.271357	0.593015	1.987842E-003	-1.398052
2.273869	0.585092	1.972783E-003	-1.392957
2.276382	0.577152	1.956039E-003	-1.387902
2.278894	0.569207	1.937725E-003	-1.382893
2.281407	0.561267	1.917963E-003	-1.377933
2.283920	0.553345	1.896882E-003	-1.373025
2.286432	0.545450	1.874614E-003	-1.368173
2.288945	0.537595	1.851292E-003	-1.363380
2.291457	0.529788	1.827052E-003	-1.358647
2.293970	0.522039	1.802030E-003	-1.353979
2.296482	0.514358	1.776356E-003	-1.349375
2.298995	0.506753	1.750162E-003	-1.344839
2.301508	0.499231	1.723573E-003	-1.340370
2.304020	0.491800	1.696708E-003	-1.335970
2.306533	0.484467	1.669682E-003	-1.331639
2.309045	0.477237	1.642604E-003	-1.327378
2.311558	0.470115	1.615574E-003	-1.323187
2.314070	0.463107	1.588686E-003	-1.319065
2.316583	0.456216	1.562026E-003	-1.315011
2.319095	0.449446	1.535673E-003	-1.311027
2.321608	0.442799	1.509699E-003	-1.307109
2.324121	0.436278	1.484167E-003	-1.303258
2.326633	0.429884	1.459134E-003	-1.299471
2.329146	0.423620	1.434649E-003	-1.295749
2.331658	0.417484	1.410754E-003	-1.292089
2.334171	0.411479	1.387487E-003	-1.288489
2.336683	0.405603	1.364877E-003	-1.284948
2.339196	0.399857	1.342947E-003	-1.281465
2.341709	0.394239	1.321719E-003	-1.278037
2.344221	0.388749	1.301204E-003	-1.274663
2.346734	0.383385	1.281413E-003	-1.271341
2.349246	0.378145	1.262350E-003	-1.268069
2.351759	0.373028	1.244018E-003	-1.264845
2.354271	0.368032	1.226413E-003	-1.261667
2.356784	0.363155	1.209530E-003	-1.258533
2.359296	0.358394	1.193362E-003	-1.255442
2.361809	0.353746	1.177896E-003	-1.252392
2.364322	0.349210	1.163121E-003	-1.249381
2.366834	0.344783	1.149020E-003	-1.246406
2.369347	0.340462	1.135578E-003	-1.243468
2.371859	0.336244	1.122777E-003	-1.240562
2.374372	0.332127	1.110595E-003	-1.237690
2.376884	0.328108	1.099014E-003	-1.234847
2.379397	0.324184	1.088012E-003	-1.232034
2.381910	0.320352	1.077566E-003	-1.229248
2.384422	0.316610	1.067654E-003	-1.226488
2.386935	0.312956	1.058252E-003	-1.223754
2.389447	0.309386	1.049337E-003	-1.221043
2.391960	0.305897	1.040886E-003	-1.218354
2.394472	0.302488	1.032875E-003	-1.215686
2.396985	0.299156	1.025280E-003	-1.213038
2.399497	0.295899	1.018078E-003	-1.210410
2.402010	0.292713	1.011245E-003	-1.207799
2.404523	0.289598	1.004760E-003	-1.205206
2.407035	0.286549	9.985982E-004	-1.202629
2.409548	0.283567	9.927387E-004	-1.200067
2.412060	0.280647	9.871598E-004	-1.197520
2.414573	0.277789	9.818404E-004	-1.194987
2.417085	0.274991	9.767600E-004	-1.192468
2.419598	0.272250	9.718989E-004	-1.189961
2.422111	0.269564	9.672380E-004	-1.187467
2.424623	0.266933	9.627589E-004	-1.184984
2.427136	0.264354	9.584440E-004	-1.182512
2.429648	0.261825	9.542765E-004	-1.180052
2.432161	0.259346	9.502403E-004	-1.177602
2.434673	0.256915	9.463202E-004	-1.175162
2.437186	0.254530	9.425018E-004	-1.172732
2.439698	0.252190	9.387715E-004	-1.170312
2.442211	0.249893	9.351167E-004	-1.167901
2.444724	0.247640	9.315254E-004	-1.165500
2.447236	0.245427	9.279866E-004	-1.163108
2.449749	0.243255	9.244902E-004	-1.160725
2.452261	0.241121	9.210266E-004	-1.158351
2.454774	0.239026	9.175875E-004	-1.155986
2.457286	0.236968	9.141651E-004	-1.153629
2.459799	0.234946	9.107523E-004	-1.151281
2.462312	0.232959	9.073430E-004	-1.148943
2.464824	0.231007	9.039317E-004	-1.146613
2.467337	0.229088	9.005137E-004	-1.144291
2.469849	0.227202	8.970848E-004	-1.141979
2.472362	0.225348	8.936417E-004	-1.139675
2.474874	0.223525	8.901816E-004	-1.137380
2.477387	0.221733	8.867023E-004	-1.135094
2.479899	0.219970	8.832020E-004	-1.132818
2.482412	0.218237	8.796797E-004	-1.130550
2.484925	0.216532	8.761348E-004	-1.128291
2.487437	0.214855	8.725669E-004	-1.126041
2.489950	0.213205	8.689763E-004	-1.123801
2.492462	0.211582	8.653636E-004	-1.121570
2.494975	0.209985	8.617297E-004	-1.119348
2.497487	0.208414	8.580757E-004	-1.117136
2.500000	0.206867	8.544033E-004	-1.114933
